21.034395217895508
22.500774383544922
22.98212432861328
23.231830596923828
23.38317108154297
23.48574447631836
23.564056396484375
23.624820709228516
23.67525291442871
23.718244552612305
23.755348205566406
23.7882137298584
23.81536102294922
23.839704513549805
23.861778259277344
23.882694244384766
23.902931213378906
23.91922378540039
23.937118530273438
23.953401565551758
23.96835708618164
23.990692138671875
24.009384155273438
24.02178192138672
24.051372528076172
24.072275161743164
24.10529899597168
24.126150131225586
24.14488983154297
24.159433364868164
24.18779754638672
24.185029983520508
24.200817108154297
24.245437622070312
24.246654510498047
24.265743255615234
24.28631591796875
24.298810958862305
24.312875747680664
24.315824508666992
24.316207885742188
24.331979751586914
24.341630935668945
24.33269691467285
24.35729217529297
24.372711181640625
24.379091262817383
24.382898330688477
24.37701416015625
24.397911071777344
24.402896881103516
24.394920349121094
24.415103912353516
24.422527313232422
24.424551010131836
24.428808212280273
24.42624282836914
24.43425178527832
24.446144104003906
24.454090118408203
24.454124450683594
24.456684112548828
24.464256286621094
24.469989776611328
24.480140686035156
24.482337951660156
24.498924255371094
24.49939727783203
24.500112533569336
24.500417709350586
24.500938415527344
24.501073837280273
24.50179100036621
24.5022029876709
24.502422332763672
24.502994537353516
24.503747940063477
24.50452423095703
24.505178451538086
24.505874633789062
24.505748748779297
24.506534576416016
24.50697135925293
24.507801055908203
24.50859832763672
24.509145736694336
24.50958251953125
24.510154724121094
24.51085662841797
24.509822845458984
24.509727478027344
24.51144027709961
24.51193618774414
24.512977600097656
24.512935638427734
24.514793395996094
24.51601791381836
24.51677703857422
24.51797866821289
24.51909828186035
24.519174575805664
24.519184112548828
24.520776748657227
24.52181625366211
24.521724700927734
24.52297592163086
24.524669647216797
24.52367401123047
24.525447845458984
24.52742576599121
24.526880264282227
24.528141021728516
24.527542114257812
24.529645919799805
24.52978515625
24.531299591064453
24.529693603515625
24.532594680786133
24.53165054321289
24.531421661376953
24.533588409423828
24.534381866455078
24.535104751586914
24.535999298095703
24.535587310791016
24.536693572998047
24.53729820251465
24.538267135620117
24.53836441040039
24.54013442993164
24.541139602661133
24.540708541870117
24.542695999145508
24.54315948486328
24.543169021606445
24.543352127075195
24.54347801208496
24.543346405029297
24.543453216552734
24.543474197387695
24.543779373168945
24.54343605041504
24.544036865234375
24.543533325195312
24.54446792602539
24.544050216674805
24.544429779052734
24.5443058013916
24.544269561767578
24.544267654418945
24.54456329345703
24.54489517211914
24.544736862182617
24.544689178466797
24.545469284057617
24.545074462890625
24.545495986938477
24.545080184936523
24.545133590698242
24.54543685913086
24.54514503479004
24.545270919799805
24.54561996459961
24.545534133911133
24.546091079711914
24.545825958251953
24.54570770263672
24.545944213867188
24.545881271362305
24.54596519470215
24.546499252319336
24.54625701904297
24.546659469604492
24.54673957824707
24.546512603759766
24.54672622680664
24.54680633544922
24.547107696533203
24.547225952148438
24.547100067138672
24.547611236572266
24.547273635864258
24.547367095947266
24.547527313232422
24.547136306762695
24.547731399536133
24.54806900024414
24.54800796508789
24.54810333251953
24.548019409179688
24.548166275024414
24.548236846923828
24.54833221435547
24.54839324951172
24.548473358154297
24.54880714416504
24.548566818237305
24.549043655395508
24.548873901367188
24.5487117767334
