19.270248413085938
21.745925903320312
22.5245304107666
22.892684936523438
23.125404357910156
23.285730361938477
23.404748916625977
23.49615478515625
23.567773818969727
23.62628173828125
23.671920776367188
23.710342407226562
23.746450424194336
23.77620506286621
23.800601959228516
23.822858810424805
23.844284057617188
23.86166000366211
23.878211975097656
23.895198822021484
23.91094398498535
23.928539276123047
23.945829391479492
23.961166381835938
23.98993492126465
24.004507064819336
24.030059814453125
24.05582618713379
24.059539794921875
24.09531593322754
24.125642776489258
24.127290725708008
24.17071533203125
24.177114486694336
24.209022521972656
24.195737838745117
24.229576110839844
24.242849349975586
24.250057220458984
24.27278709411621
24.27593231201172
24.27666664123535
24.296680450439453
24.311254501342773
24.312042236328125
24.307613372802734
24.33262062072754
24.32142448425293
24.326595306396484
24.3349609375
24.355669021606445
24.36237144470215
24.372207641601562
24.371797561645508
24.353239059448242
24.375011444091797
24.380399703979492
24.396995544433594
24.392208099365234
24.411142349243164
24.42325210571289
24.415435791015625
24.428146362304688
24.42928695678711
24.43817901611328
24.4196720123291
24.454727172851562
24.455459594726562
24.456451416015625
24.456823348999023
24.458189010620117
24.459009170532227
24.459087371826172
24.460161209106445
24.460464477539062
24.46159553527832
24.4620418548584
24.46304702758789
24.463987350463867
24.464570999145508
24.465017318725586
24.465391159057617
24.467185974121094
24.467121124267578
24.468536376953125
24.46886444091797
24.46945571899414
24.470409393310547
24.471176147460938
24.471284866333008
24.471986770629883
24.47261619567871
24.472774505615234
24.474292755126953
24.475610733032227
24.47714614868164
24.47852325439453
24.478425979614258
24.48015594482422
24.48171615600586
24.48260498046875
24.48442268371582
24.485706329345703
24.4852237701416
24.486976623535156
24.488285064697266
24.489051818847656
24.4898681640625
24.490568161010742
24.49139404296875
24.49355125427246
24.494876861572266
24.495529174804688
24.496957778930664
24.49894142150879
24.49895668029785
24.499645233154297
24.501516342163086
24.50186538696289
24.503164291381836
24.504776000976562
24.50617218017578
24.5068359375
24.50812339782715
24.50878143310547
24.510393142700195
24.511798858642578
24.512451171875
24.51483726501465
24.514415740966797
24.515785217285156
24.51726531982422
24.519298553466797
24.519641876220703
24.519577026367188
24.519941329956055
24.520151138305664
24.52030372619629
24.520254135131836
24.520416259765625
24.52058982849121
24.520824432373047
24.52104949951172
24.521297454833984
24.521257400512695
24.52171516418457
24.521520614624023
24.52183723449707
24.522235870361328
24.522480010986328
24.522180557250977
24.52228546142578
24.522687911987305
24.52265167236328
24.523269653320312
24.52307891845703
24.523296356201172
24.523412704467773
24.523639678955078
24.523265838623047
24.52397346496582
24.52399253845215
24.523822784423828
24.524250030517578
24.5244197845459
24.524856567382812
24.524940490722656
24.525150299072266
24.525367736816406
24.525375366210938
24.52570152282715
24.525888442993164
24.525997161865234
24.526172637939453
24.526079177856445
24.52652359008789
24.5264892578125
24.526897430419922
24.5267391204834
24.526958465576172
24.527240753173828
24.527191162109375
24.527647018432617
24.52764129638672
24.527816772460938
24.527652740478516
24.527843475341797
24.528255462646484
24.527870178222656
24.52866554260254
24.528362274169922
24.52853012084961
24.529338836669922
24.529495239257812
24.5291748046875
24.529781341552734
24.529836654663086
24.53000831604004
24.5301456451416
24.53018569946289
