16.317249298095703
18.690034866333008
20.515592575073242
21.093664169311523
20.896629333496094
21.104408264160156
21.814939498901367
21.528034210205078
22.24489402770996
22.354312896728516
22.365394592285156
22.53307342529297
22.748022079467773
22.78374671936035
22.596908569335938
22.86498260498047
22.791460037231445
22.88212013244629
22.68495750427246
23.013999938964844
23.134794235229492
23.056623458862305
22.93382453918457
23.01500701904297
23.12788200378418
23.272493362426758
22.953397750854492
23.27317237854004
23.268009185791016
23.357650756835938
23.331594467163086
23.329185485839844
23.153331756591797
23.3590145111084
23.416412353515625
23.302183151245117
23.431625366210938
23.361053466796875
23.435222625732422
23.432466506958008
23.389432907104492
23.47041893005371
23.484498977661133
23.331417083740234
23.413272857666016
23.40066146850586
23.464052200317383
23.514917373657227
23.468294143676758
23.538562774658203
23.571552276611328
23.5902099609375
23.455219268798828
23.545934677124023
23.58359146118164
23.527408599853516
23.446331024169922
23.609546661376953
23.560348510742188
23.579885482788086
23.660789489746094
23.643112182617188
23.68272590637207
23.640796661376953
23.611125946044922
23.657440185546875
23.588848114013672
23.601543426513672
23.63412094116211
23.589048385620117
23.703832626342773
23.711111068725586
23.673646926879883
23.711978912353516
23.618059158325195
23.666276931762695
23.696176528930664
23.70293617248535
23.708494186401367
23.734886169433594
23.719627380371094
23.7275390625
23.53081512451172
23.696916580200195
23.694297790527344
23.75360679626465
23.63060188293457
23.71422004699707
23.75328826904297
23.764896392822266
23.73424530029297
23.67964744567871
23.6948299407959
23.712053298950195
23.698715209960938
23.749876022338867
23.73210906982422
23.779218673706055
23.762929916381836
23.70970916748047
23.725379943847656
23.77654266357422
23.719833374023438
23.75646209716797
23.75699234008789
23.74121856689453
23.795272827148438
23.711673736572266
23.79169464111328
23.768741607666016
23.782442092895508
23.799724578857422
23.686954498291016
23.783559799194336
23.788005828857422
23.808055877685547
23.784862518310547
23.80497169494629
23.790739059448242
23.798864364624023
23.778278350830078
23.817310333251953
23.772022247314453
23.765071868896484
23.808780670166016
23.742053985595703
23.816631317138672
23.802227020263672
23.807775497436523
23.799251556396484
23.82489013671875
23.822345733642578
23.746654510498047
23.830177307128906
23.749387741088867
23.841867446899414
23.791492462158203
23.82279396057129
23.840007781982422
23.791196823120117
23.826751708984375
23.804338455200195
23.846227645874023
23.846511840820312
23.806102752685547
23.839168548583984
23.81850814819336
23.83620834350586
23.81627082824707
23.87273406982422
23.835464477539062
23.87579345703125
23.81589126586914
23.85350799560547
23.757535934448242
23.851289749145508
23.8590087890625
23.871261596679688
23.865205764770508
23.802682876586914
23.864782333374023
23.835681915283203
23.821413040161133
23.880311965942383
23.78668975830078
23.87131690979004
23.867431640625
23.86125373840332
23.86142349243164
23.863452911376953
23.826496124267578
23.873363494873047
23.851377487182617
23.840190887451172
23.895240783691406
23.886756896972656
23.890731811523438
23.89164161682129
23.890636444091797
23.839595794677734
23.90048599243164
23.87091827392578
23.901033401489258
23.87836456298828
23.865737915039062
23.90317726135254
23.88461685180664
23.894760131835938
23.90865707397461
23.86135482788086
23.860118865966797
23.849008560180664
23.9188232421875
23.90599250793457
23.90508460998535
23.881370544433594
23.906322479248047
23.910228729248047
23.91351318359375
23.88593864440918
